0 0.330517 0.434195 0.018214 0.026161
0 0.372222 0.408980 0.013531 0.024222
0 0.483412 0.430777 0.026328 0.075077
0 0.491470 0.435492 0.039008 0.098395
0 0.551612 0.444706 0.038340 0.114244
0 0.517745 0.563061 0.054696 0.198811
0 0.210481 0.501866 0.033686 0.079180
0 0.669925 0.481858 0.040493 0.046959
0 0.076078 0.532987 0.040998 0.090735
0 0.184708 0.495348 0.033155 0.082969
0 0.162297 0.619232 0.082554 0.244566
0 0.586517 0.561198 0.050517 0.219725
0 0.390888 0.447471 0.034908 0.135106
0 0.023046 0.583119 0.046092 0.131600
0 0.261116 0.418851 0.034412 0.059010
0 0.648433 0.570444 0.058883 0.142163
0 0.233231 0.602552 0.079037 0.199812
0 0.077453 0.579879 0.054600 0.124337
0 0.109615 0.745141 0.073590 0.330759
0 0.482240 0.564303 0.081092 0.191739
0 0.375868 0.754473 0.111624 0.487529
0 0.726792 0.604962 0.069141 0.152168