0 0.590696 0.484057 0.033891 0.055009
0 0.640805 0.513551 0.051433 0.125129
0 0.615486 0.479653 0.032320 0.061157
0 0.512141 0.478419 0.022676 0.036359
0 0.544863 0.429847 0.022007 0.036152
0 0.562314 0.470590 0.033443 0.076019
0 0.469681 0.381559 0.016635 0.035623
0 0.581644 0.623133 0.059800 0.163488
0 0.478636 0.438297 0.027212 0.117790
0 0.301827 0.420070 0.024181 0.069395
0 0.635682 0.637584 0.069325 0.145165
0 0.455308 0.502814 0.049665 0.229608
0 0.356039 0.421985 0.026986 0.094492
0 0.520263 0.594865 0.070025 0.143957
0 0.110130 0.729686 0.075428 0.298892
0 0.755650 0.599060 0.081757 0.088161
0 0.023294 0.583680 0.046484 0.129685
0 0.164275 0.629679 0.081308 0.341101
0 0.219356 0.614276 0.089406 0.365444
0 0.390283 0.450200 0.035538 0.146646
0 0.075425 0.539865 0.043638 0.108011
0 0.423457 0.461312 0.039268 0.195539
0 0.295521 0.592320 0.068730 0.371900
0 0.518173 0.437318 0.043780 0.119534