0 0.592164 0.481024 0.046567 0.065131
0 0.332614 0.429938 0.026453 0.034787
0 0.612581 0.469529 0.030105 0.075947
0 0.559303 0.474453 0.030328 0.072731
0 0.580483 0.623461 0.065099 0.164572
0 0.558085 0.432835 0.023555 0.048323
0 0.485456 0.442344 0.035356 0.108390
0 0.178472 0.625884 0.118879 0.242408
0 0.520349 0.602091 0.061376 0.138030
0 0.636507 0.637420 0.070724 0.143548
0 0.672862 0.472604 0.032816 0.060046
0 0.112558 0.733276 0.079310 0.300161
0 0.228031 0.480019 0.037704 0.052571
0 0.242081 0.629816 0.083522 0.226393
0 0.409579 0.638938 0.059930 0.362104
0 0.392552 0.446179 0.035851 0.133546
0 0.466678 0.440145 0.032766 0.159075
0 0.083746 0.582118 0.072374 0.133689
0 0.395526 0.388217 0.031900 0.065885
0 0.349750 0.642570 0.066302 0.391051
0 0.737979 0.614214 0.084868 0.133040
0 0.192487 0.498798 0.041469 0.091167
0 0.293200 0.429889 0.024749 0.091456
0 0.182377 0.431409 0.049433 0.110995
0 0.347924 0.412773 0.031834 0.073523
0 0.024034 0.583028 0.048017 0.131209
0 0.529419 0.382156 0.028561 0.070133