0 0.603279 0.429979 0.018906 0.032259
0 0.522944 0.507792 0.045721 0.090309
0 0.483855 0.408085 0.021187 0.052290
0 0.301247 0.489795 0.032484 0.113360
0 0.309261 0.408111 0.013375 0.022611
0 0.564023 0.484179 0.038713 0.057729
0 0.376802 0.395425 0.019672 0.051107
0 0.669839 0.481489 0.040335 0.047109
0 0.557522 0.434701 0.020801 0.045971
0 0.651770 0.565669 0.052118 0.125863
0 0.637127 0.626487 0.075993 0.168640
0 0.344721 0.504589 0.043336 0.159340
0 0.210331 0.500824 0.036771 0.076796
0 0.155650 0.602135 0.080583 0.199694
0 0.524402 0.446248 0.061139 0.105042
0 0.733032 0.590368 0.091123 0.106986
0 0.075145 0.540972 0.044528 0.109179
0 0.094330 0.580242 0.058342 0.124053
0 0.114804 0.726928 0.080617 0.309661
0 0.602818 0.582360 0.059374 0.227523
0 0.525215 0.599065 0.072973 0.145541
0 0.022511 0.582146 0.044949 0.133121
0 0.482998 0.469052 0.034977 0.152970
0 0.233711 0.604822 0.078524 0.203572
0 0.254320 0.415198 0.028446 0.066365
0 0.181951 0.490623 0.044246 0.103541
0 0.430271 0.455628 0.027378 0.166338
0 0.391238 0.452364 0.031212 0.150828