0 0.301659 0.442664 0.015396 0.020592
0 0.522698 0.505440 0.045518 0.084132
0 0.510685 0.479840 0.020510 0.033311
0 0.483772 0.469861 0.036946 0.150901
0 0.614110 0.480018 0.032975 0.065362
0 0.377910 0.408740 0.012093 0.024071
0 0.210624 0.501013 0.036209 0.079473
0 0.306695 0.408513 0.012842 0.021043
0 0.347080 0.492928 0.039216 0.142758
0 0.344744 0.419961 0.030860 0.072480
0 0.669831 0.481590 0.040501 0.047107
0 0.165739 0.601895 0.098686 0.197284
0 0.651096 0.571464 0.051942 0.136311
0 0.573579 0.472235 0.035836 0.075529
0 0.483016 0.401773 0.025368 0.074569
0 0.098347 0.530954 0.062451 0.089111
0 0.606426 0.633496 0.058148 0.159632
0 0.069288 0.575296 0.042910 0.124227
0 0.525326 0.599304 0.073380 0.144981
0 0.113817 0.729803 0.081764 0.306201
0 0.261588 0.418034 0.033226 0.060106
0 0.021979 0.583670 0.043957 0.130379
0 0.180262 0.499480 0.041732 0.086117
0 0.603395 0.565820 0.060190 0.192247
0 0.557975 0.445796 0.043052 0.119403
0 0.234037 0.603314 0.078082 0.204605
0 0.727560 0.602340 0.061254 0.154794
0 0.391917 0.451861 0.031173 0.144352
0 0.508673 0.447522 0.041302 0.093294