0 0.235302 0.491519 0.062639 0.085108
0 0.607528 0.428088 0.019057 0.032997
0 0.089116 0.513165 0.028004 0.049228
0 0.513876 0.473687 0.035815 0.050633
0 0.485878 0.408207 0.029896 0.083748
0 0.343282 0.407241 0.014857 0.025598
0 0.614666 0.479680 0.032685 0.067256
0 0.560157 0.491082 0.049063 0.092994
0 0.554188 0.434924 0.023982 0.042641
0 0.310989 0.407017 0.013380 0.023188
0 0.377453 0.389840 0.018420 0.057717
0 0.683855 0.484625 0.027133 0.042621
0 0.349349 0.502878 0.040099 0.159805
0 0.407679 0.460946 0.032901 0.162507
0 0.074570 0.600301 0.038529 0.094638
0 0.179986 0.568518 0.048632 0.228199
0 0.133243 0.710416 0.119107 0.276078
0 0.490924 0.445089 0.042974 0.116106
0 0.062154 0.575748 0.048627 0.122547
0 0.525322 0.602722 0.069212 0.139057
0 0.393460 0.468153 0.036823 0.181649
0 0.746642 0.602354 0.074846 0.081483
0 0.590836 0.576810 0.062054 0.219537
0 0.022569 0.581631 0.045052 0.134367
0 0.642238 0.570383 0.060568 0.143984
0 0.232744 0.621236 0.079008 0.229389
0 0.438035 0.503178 0.043362 0.216628