0 0.485836 0.424440 0.028884 0.077968
0 0.514373 0.428340 0.028299 0.034731
0 0.363947 0.393341 0.020285 0.049560
0 0.487786 0.392802 0.025129 0.052059
0 0.560531 0.475551 0.029007 0.065710
0 0.642393 0.605148 0.064792 0.079279
0 0.078892 0.526415 0.039204 0.077761
0 0.111448 0.638307 0.075598 0.149251
0 0.222904 0.484063 0.038073 0.049994
0 0.555926 0.428822 0.021664 0.037625
0 0.293458 0.444924 0.022801 0.043164
0 0.614210 0.479430 0.034525 0.066842
0 0.586143 0.480340 0.042369 0.065939
0 0.255322 0.413171 0.020693 0.058382
0 0.149477 0.634796 0.087729 0.237759
0 0.673777 0.478385 0.032461 0.054454
0 0.160561 0.511283 0.052315 0.089036
0 0.529199 0.595163 0.074927 0.151965
0 0.243328 0.427646 0.040144 0.058580
0 0.336814 0.386887 0.027326 0.059000
0 0.016035 0.582012 0.032005 0.132582
0 0.051317 0.587094 0.053108 0.110575
0 0.239096 0.621849 0.076778 0.218810
0 0.195700 0.445103 0.032526 0.123004
0 0.741086 0.555492 0.090340 0.240885