0 0.513887 0.440837 0.025635 0.049940
0 0.217293 0.478546 0.037124 0.055873
0 0.669229 0.481250 0.040063 0.047837
0 0.588459 0.604706 0.062919 0.166975
0 0.351223 0.418251 0.030315 0.089200
0 0.022105 0.582872 0.044209 0.129581
0 0.482143 0.460806 0.046847 0.150381
0 0.074942 0.541585 0.045262 0.107445
0 0.479453 0.416905 0.027223 0.100256
0 0.552551 0.435878 0.028198 0.046232
0 0.180811 0.495046 0.037507 0.072929
0 0.576164 0.478123 0.036777 0.064522
0 0.642518 0.561727 0.055080 0.120913
0 0.636822 0.639056 0.075194 0.132127
0 0.092134 0.570873 0.061646 0.128250
0 0.162416 0.618037 0.081887 0.245059
0 0.304875 0.415695 0.027307 0.068879
0 0.605934 0.383775 0.024464 0.077493
0 0.524340 0.597739 0.072716 0.141253
0 0.392489 0.451926 0.033311 0.148439
0 0.232574 0.615720 0.078478 0.195236
0 0.107333 0.754796 0.081733 0.317382
0 0.354246 0.506741 0.058129 0.234429
0 0.742401 0.619640 0.088593 0.127517
0 0.607799 0.491254 0.018173 0.037901
0 0.588800 0.428571 0.013217 0.029155
0 0.605321 0.424927 0.011565 0.036443