0 0.234051 0.515553 0.078560 0.107393
0 0.510217 0.479643 0.020278 0.031220
0 0.343415 0.451160 0.042039 0.075042
0 0.608076 0.480290 0.045598 0.063314
0 0.602191 0.425452 0.020949 0.041711
0 0.372341 0.408708 0.013936 0.025371
0 0.569337 0.472487 0.038880 0.069457
0 0.487448 0.447419 0.033556 0.097608
0 0.076800 0.531689 0.043220 0.087027
0 0.669916 0.481610 0.040470 0.046747
0 0.555699 0.463245 0.046102 0.138487
0 0.077399 0.577015 0.054401 0.118245
0 0.180733 0.501261 0.042121 0.092316
0 0.103489 0.653788 0.073029 0.153634
0 0.524504 0.591660 0.066399 0.128941
0 0.153954 0.587307 0.079976 0.163003
0 0.390897 0.452024 0.035427 0.145474
0 0.549599 0.384733 0.018145 0.074562
0 0.189161 0.821657 0.168867 0.353597
0 0.480481 0.412522 0.026870 0.092486
0 0.261489 0.417899 0.033420 0.059553
0 0.021929 0.583329 0.043810 0.130513
0 0.647832 0.570419 0.059287 0.141230
0 0.233567 0.601255 0.079509 0.197640
0 0.580175 0.584596 0.059244 0.146926
0 0.461075 0.553386 0.075463 0.213484
0 0.727920 0.604453 0.068620 0.152580