0 0.228889 0.478972 0.041724 0.057851
0 0.483206 0.447670 0.031723 0.110371
0 0.344970 0.407426 0.013278 0.022958
0 0.086728 0.528294 0.029451 0.077774
0 0.312112 0.406354 0.013403 0.024472
0 0.614802 0.480885 0.032652 0.067426
0 0.484470 0.395888 0.027067 0.058494
0 0.553648 0.436762 0.027162 0.044578
0 0.125586 0.696986 0.134516 0.289387
0 0.349157 0.503330 0.040535 0.160732
0 0.683633 0.484970 0.026647 0.041363
0 0.743369 0.617934 0.083300 0.122321
0 0.374830 0.390792 0.022769 0.062783
0 0.062798 0.575465 0.049001 0.122367
0 0.180817 0.565870 0.045615 0.210107
0 0.107787 0.735804 0.075583 0.308337
0 0.400247 0.458909 0.041049 0.158900
0 0.521699 0.606417 0.076475 0.133684
0 0.418074 0.465161 0.033244 0.152919
0 0.022639 0.583084 0.045139 0.130386
0 0.502320 0.441338 0.036000 0.106779
0 0.643223 0.570951 0.055691 0.141870
0 0.232374 0.621305 0.079160 0.229104
0 0.591106 0.587015 0.066133 0.237367
0 0.444567 0.524113 0.039562 0.239925
0 0.417693 0.401612 0.012255 0.020806
0 0.511099 0.479490 0.019981 0.034511
0 0.584868 0.416809 0.013415 0.023050
0 0.345492 0.408356 0.012890 0.021847
0 0.346800 0.437533 0.017636 0.026546
0 0.011528 0.547062 0.022826 0.052372
0 0.299626 0.444341 0.013186 0.018205
0 0.330463 0.429313 0.016708 0.026352
0 0.275470 0.436877 0.015329 0.024858
0 0.550042 0.433013 0.017727 0.032532
0 0.373528 0.376394 0.013885 0.028351
0 0.609121 0.464914 0.018683 0.031483
0 0.449040 0.424467 0.020701 0.038166
0 0.392195 0.394969 0.014248 0.028457
0 0.501772 0.408805 0.019414 0.036951
0 0.233551 0.475244 0.019714 0.045423
0 0.483181 0.408328 0.016858 0.028203
0 0.648122 0.525144 0.023854 0.046466
0 0.570481 0.474498 0.020775 0.050198
0 0.526278 0.567356 0.027958 0.051613
0 0.756465 0.596643 0.033836 0.072794
0 0.178305 0.484614 0.021429 0.042738
0 0.092425 0.621614 0.039460 0.075064
0 0.074989 0.588465 0.031424 0.066069
0 0.087005 0.515730 0.027328 0.048023
0 0.408646 0.403416 0.013797 0.025959
0 0.490650 0.384454 0.015152 0.030705
0 0.240293 0.533032 0.024050 0.047569
0 0.073027 0.539456 0.029008 0.046179
0 0.590168 0.494299 0.026540 0.049195