0 0.483848 0.464344 0.038887 0.161050
0 0.607116 0.478376 0.032219 0.064378
0 0.556245 0.436399 0.023715 0.044078
0 0.524401 0.498935 0.040834 0.078231
0 0.578443 0.474755 0.030037 0.070424
0 0.346431 0.427736 0.029995 0.092754
0 0.373499 0.426105 0.023257 0.064744
0 0.669791 0.481674 0.040621 0.046559
0 0.513295 0.449603 0.047395 0.092317
0 0.155159 0.622638 0.095400 0.231058
0 0.481704 0.417907 0.026048 0.099698
0 0.533185 0.603721 0.095605 0.138841
0 0.638384 0.562859 0.059331 0.123354
0 0.092791 0.588113 0.068284 0.116932
0 0.634344 0.645497 0.082654 0.157216
0 0.155949 0.505420 0.051904 0.097717
0 0.592446 0.612862 0.060866 0.147903
0 0.077525 0.542136 0.045300 0.107491
0 0.293636 0.426657 0.025467 0.090161
0 0.110927 0.736845 0.078254 0.296197
0 0.024096 0.583456 0.048192 0.131117
0 0.222532 0.628806 0.089896 0.232869
0 0.738389 0.612580 0.082708 0.142160
0 0.394328 0.461953 0.033864 0.190559
0 0.278758 0.610812 0.076957 0.344395
0 0.224101 0.478134 0.033868 0.058309
0 0.301336 0.440233 0.009913 0.017493