0 0.505760 0.480422 0.020289 0.030890
0 0.514336 0.431121 0.023891 0.030533
0 0.386322 0.430422 0.037283 0.051885
0 0.589248 0.434401 0.022112 0.035823
0 0.610267 0.479824 0.040352 0.064014
0 0.084194 0.533390 0.029284 0.092896
0 0.479558 0.391629 0.017968 0.056768
0 0.291775 0.444583 0.020716 0.044483
0 0.334254 0.501142 0.041330 0.151179
0 0.254773 0.409457 0.022166 0.055500
0 0.557087 0.435024 0.021051 0.047179
0 0.482248 0.475448 0.047035 0.181322
0 0.681942 0.481447 0.025602 0.045873
0 0.577399 0.475235 0.036223 0.067453
0 0.643481 0.606428 0.066049 0.082142
0 0.222472 0.483527 0.037782 0.052662
0 0.244511 0.425899 0.035831 0.053443
0 0.154000 0.634745 0.080774 0.235869
0 0.529098 0.594643 0.075517 0.153678
0 0.634102 0.820849 0.146741 0.353965
0 0.113225 0.721306 0.081747 0.311765
0 0.171214 0.504492 0.047511 0.102044
0 0.235731 0.622054 0.084748 0.227292
0 0.023694 0.581415 0.047374 0.134724
0 0.756649 0.540812 0.095609 0.212983
0 0.068638 0.575063 0.045626 0.141225
0 0.195771 0.445798 0.032688 0.121303