0 0.342397 0.408841 0.013472 0.022652
0 0.387811 0.428872 0.034583 0.056992
0 0.082024 0.526439 0.030455 0.081485
0 0.579807 0.477536 0.037081 0.067839
0 0.635751 0.651366 0.076392 0.125947
0 0.481081 0.461303 0.045059 0.149760
0 0.559031 0.436398 0.019593 0.049953
0 0.682004 0.481853 0.025846 0.047036
0 0.212046 0.488220 0.031908 0.055893
0 0.633234 0.544019 0.071698 0.179014
0 0.179056 0.630223 0.077919 0.224881
0 0.111428 0.720788 0.079455 0.312714
0 0.516522 0.582122 0.055989 0.118529
0 0.179495 0.500847 0.041336 0.099354
0 0.207774 0.447562 0.042351 0.105748
0 0.566797 0.571191 0.066820 0.200403
0 0.238640 0.623955 0.071664 0.215910
0 0.023529 0.581906 0.047046 0.133904
0 0.069103 0.577227 0.047412 0.138071
0 0.741566 0.610485 0.082911 0.140579