0 0.343238 0.492210 0.043416 0.150165
0 0.494065 0.387217 0.016289 0.039260
0 0.541497 0.435852 0.035533 0.048480
0 0.158225 0.598446 0.080352 0.190541
0 0.071781 0.538894 0.047261 0.106007
0 0.580659 0.628352 0.066018 0.154447
0 0.564841 0.461976 0.035129 0.068058
0 0.587008 0.482824 0.036411 0.058059
0 0.671413 0.475127 0.038624 0.059687
0 0.354617 0.428501 0.028635 0.102912
0 0.495391 0.429502 0.026693 0.092379
0 0.508619 0.457063 0.042438 0.077806
0 0.635767 0.636818 0.069411 0.143670
0 0.367662 0.385496 0.021324 0.068357
0 0.193482 0.438843 0.025434 0.119438
0 0.521360 0.595368 0.066787 0.143507
0 0.475120 0.461645 0.035738 0.179789
0 0.235980 0.629681 0.095204 0.226657
0 0.292490 0.424957 0.030520 0.085796
0 0.070863 0.584528 0.045761 0.144342
0 0.023104 0.583960 0.046175 0.130367
0 0.120234 0.748908 0.090563 0.342538
0 0.122518 0.444346 0.030024 0.116008
0 0.179736 0.457986 0.038091 0.157978
0 0.734665 0.611808 0.081710 0.123846
0 0.391244 0.451363 0.036192 0.148308
0 0.443548 0.471141 0.040560 0.215939
0 0.591278 0.430758 0.018173 0.039359
0 0.612342 0.425656 0.017347 0.029155