0 0.516614 0.431968 0.019390 0.031058
0 0.159804 0.597222 0.081121 0.186827
0 0.162670 0.612824 0.085834 0.215909
0 0.586349 0.434330 0.020170 0.035370
0 0.078044 0.524538 0.042533 0.071614
0 0.657170 0.590079 0.050961 0.097365
0 0.513229 0.477459 0.020298 0.038053
0 0.346598 0.500570 0.046004 0.167388
0 0.233864 0.627656 0.063888 0.230995
0 0.398570 0.387979 0.029000 0.058590
0 0.502137 0.401876 0.016944 0.031183
0 0.340479 0.411029 0.033308 0.075274
0 0.557882 0.437120 0.021482 0.048451
0 0.672865 0.473583 0.033766 0.061622
0 0.607878 0.479381 0.031424 0.063107
0 0.577752 0.477949 0.037542 0.065131
0 0.487165 0.437731 0.035663 0.107005
0 0.111376 0.736239 0.078377 0.297422
0 0.226086 0.481037 0.033561 0.050214
0 0.293795 0.428512 0.026855 0.091350
0 0.391422 0.450309 0.037770 0.145070
0 0.530925 0.597661 0.063394 0.142051
0 0.634041 0.638402 0.070572 0.148340
0 0.189185 0.500424 0.040862 0.088207
0 0.082764 0.581761 0.078105 0.135478
0 0.023719 0.583372 0.047391 0.131446
0 0.734171 0.614975 0.086755 0.119640
0 0.199516 0.442739 0.046332 0.119843