0 0.078687 0.527208 0.038859 0.082022
0 0.266762 0.436717 0.015472 0.022840
0 0.513795 0.430299 0.023918 0.031447
0 0.564159 0.472722 0.023241 0.060009
0 0.222716 0.483322 0.038493 0.052822
0 0.556250 0.431575 0.019020 0.039086
0 0.357195 0.400513 0.027327 0.067049
0 0.251966 0.413497 0.018585 0.053954
0 0.614232 0.479331 0.033936 0.066941
0 0.241032 0.427328 0.036514 0.052290
0 0.588947 0.480318 0.041530 0.063813
0 0.673540 0.478764 0.033130 0.054414
0 0.153408 0.636001 0.082818 0.234437
0 0.483797 0.412898 0.026219 0.089843
0 0.052101 0.586030 0.052273 0.113663
0 0.113921 0.723439 0.081235 0.318631
0 0.637498 0.634928 0.077044 0.138664
0 0.529067 0.596120 0.074964 0.151891
0 0.171597 0.502316 0.046347 0.092362
0 0.016036 0.582371 0.032000 0.131965
0 0.237379 0.619193 0.081311 0.229658
0 0.196836 0.446539 0.032221 0.120920
0 0.795022 0.767599 0.134973 0.460733
0 0.757625 0.539445 0.100517 0.201716