0 0.296802 0.436946 0.028326 0.101591
0 0.612187 0.480080 0.030709 0.063162
0 0.549451 0.436036 0.027566 0.048971
0 0.635710 0.509781 0.041296 0.102625
0 0.578513 0.608936 0.089699 0.126261
0 0.348623 0.416542 0.035358 0.086094
0 0.572401 0.467904 0.040977 0.063845
0 0.510571 0.478079 0.020686 0.036362
0 0.395893 0.415694 0.026041 0.077406
0 0.488325 0.401604 0.030367 0.073089
0 0.635611 0.638082 0.068833 0.145303
0 0.487340 0.438486 0.027973 0.111350
0 0.516970 0.593846 0.064504 0.139979
0 0.110142 0.730599 0.075721 0.299610
0 0.455840 0.477911 0.033276 0.208709
0 0.165616 0.630309 0.080158 0.346321
0 0.375240 0.546855 0.071122 0.299444
0 0.075857 0.538712 0.042666 0.103522
0 0.242927 0.619192 0.083243 0.389688
0 0.023548 0.584380 0.046999 0.129366
0 0.433961 0.515960 0.045801 0.264462
0 0.747477 0.593691 0.097860 0.173077