0 0.346672 0.500557 0.046844 0.164000
0 0.077418 0.524653 0.041329 0.070626
0 0.159680 0.601363 0.087738 0.201472
0 0.601482 0.427376 0.019581 0.037983
0 0.587821 0.433865 0.019469 0.033202
0 0.514612 0.430984 0.023894 0.033539
0 0.375232 0.406664 0.019021 0.030331
0 0.482094 0.462639 0.044099 0.154860
0 0.559439 0.435787 0.025471 0.047206
0 0.222654 0.627338 0.086199 0.236027
0 0.608233 0.479286 0.030254 0.062719
0 0.658251 0.590412 0.055536 0.096335
0 0.668824 0.478058 0.039150 0.052651
0 0.577988 0.478261 0.037978 0.064484
0 0.554824 0.628737 0.086344 0.091479
0 0.480174 0.417421 0.024867 0.101349
0 0.634630 0.638355 0.069226 0.146182
0 0.293474 0.426660 0.025284 0.088550
0 0.349890 0.414390 0.028222 0.079860
0 0.111556 0.735779 0.078295 0.296844
0 0.224490 0.479805 0.034478 0.052371
0 0.080100 0.580895 0.071801 0.136278
0 0.190727 0.500866 0.042288 0.089873
0 0.390700 0.450473 0.037216 0.149410
0 0.023927 0.583652 0.047761 0.130370
0 0.737720 0.617782 0.084889 0.123973
0 0.220488 0.439204 0.043443 0.107319