0 0.585304 0.482680 0.039570 0.062391
0 0.541251 0.448318 0.036987 0.075186
0 0.562278 0.472954 0.030403 0.063082
0 0.110951 0.721465 0.078305 0.316147
0 0.152436 0.511031 0.058058 0.105068
0 0.487348 0.462659 0.045875 0.159312
0 0.635556 0.637028 0.069316 0.146055
0 0.296207 0.428200 0.031116 0.079532
0 0.345543 0.497442 0.045364 0.155200
0 0.355087 0.422668 0.029263 0.098448
0 0.388383 0.450279 0.029955 0.147987
0 0.521432 0.597088 0.071924 0.147692
0 0.461444 0.471471 0.030506 0.202270
0 0.408233 0.481193 0.039147 0.223387
0 0.125987 0.447438 0.036107 0.112145
0 0.070772 0.532739 0.045297 0.120742
0 0.023686 0.580994 0.047363 0.137020
0 0.236428 0.624514 0.061562 0.222014
0 0.732587 0.611527 0.078170 0.141544
0 0.587561 0.596210 0.078474 0.110787