0 0.580054 0.628383 0.080716 0.157554
0 0.640580 0.517859 0.050912 0.120197
0 0.612160 0.479433 0.030794 0.063040
0 0.548842 0.433039 0.025010 0.047061
0 0.511627 0.479102 0.022643 0.033829
0 0.077497 0.526249 0.039699 0.081211
0 0.030673 0.518918 0.026797 0.051185
0 0.470930 0.425463 0.041974 0.110865
0 0.345808 0.498664 0.045736 0.152029
0 0.635597 0.638515 0.069175 0.143816
0 0.521272 0.596554 0.074695 0.148542
0 0.518487 0.443354 0.037570 0.098912
0 0.351824 0.424962 0.030654 0.078722
0 0.296414 0.427377 0.030668 0.081008
0 0.463600 0.518513 0.048030 0.267921
0 0.108915 0.727814 0.075165 0.302100
0 0.439997 0.454374 0.030784 0.187280
0 0.127943 0.447599 0.040546 0.114780
0 0.391240 0.449822 0.036053 0.148648
0 0.734906 0.605892 0.085304 0.145608
0 0.172583 0.627894 0.080201 0.344144
0 0.234529 0.627330 0.063028 0.225522
0 0.029240 0.554665 0.058479 0.188047