0 0.493995 0.384039 0.015782 0.032839
0 0.274536 0.435807 0.014653 0.023639
0 0.510887 0.479274 0.019899 0.034112
0 0.584032 0.415151 0.013333 0.021709
0 0.485993 0.446047 0.036600 0.114345
0 0.604454 0.430103 0.016150 0.026296
0 0.299214 0.443150 0.013511 0.019700
0 0.614106 0.480093 0.031343 0.064362
0 0.586255 0.433613 0.017662 0.030724
0 0.266173 0.437933 0.015248 0.021305
0 0.237990 0.492349 0.055362 0.084137
0 0.551267 0.432817 0.030599 0.040626
0 0.308784 0.408180 0.013561 0.021813
0 0.346621 0.408430 0.012757 0.023006
0 0.683735 0.485223 0.026490 0.040776
0 0.556778 0.492034 0.041730 0.082011
0 0.373219 0.391224 0.028124 0.062000
0 0.084072 0.541367 0.029834 0.106403
0 0.346705 0.503592 0.038051 0.161205
0 0.743316 0.617937 0.083586 0.123255
0 0.119988 0.724167 0.087405 0.309982
0 0.023013 0.583330 0.046008 0.131556
0 0.155293 0.622400 0.088549 0.247675
0 0.229808 0.603589 0.079493 0.207101
0 0.508118 0.440476 0.027187 0.107723
0 0.180686 0.503409 0.044279 0.087735
0 0.067753 0.577083 0.045874 0.135227
0 0.400251 0.460409 0.041845 0.162376
0 0.520425 0.607795 0.078167 0.134569
0 0.451278 0.526506 0.039552 0.250052
0 0.641916 0.570711 0.058160 0.142921
0 0.591062 0.577929 0.063847 0.215839
0 0.419631 0.463988 0.034550 0.157342