0 0.487477 0.392787 0.025415 0.054404
0 0.485179 0.444490 0.036609 0.114890
0 0.513939 0.431296 0.022914 0.030829
0 0.583202 0.410911 0.015608 0.028423
0 0.299297 0.432094 0.024024 0.039773
0 0.505618 0.480181 0.019817 0.030883
0 0.606827 0.429662 0.018562 0.031490
0 0.386402 0.430537 0.036865 0.050973
0 0.222042 0.483153 0.037868 0.052566
0 0.334926 0.495802 0.041507 0.161867
0 0.589840 0.434260 0.018932 0.034770
0 0.082958 0.535440 0.029819 0.098636
0 0.342627 0.407969 0.013222 0.023827
0 0.612530 0.480542 0.037470 0.065575
0 0.681778 0.482071 0.025632 0.046045
0 0.558619 0.435144 0.018694 0.047145
0 0.569314 0.475061 0.038499 0.063245
0 0.150093 0.610225 0.072058 0.202136
0 0.259019 0.449619 0.032404 0.101129
0 0.181023 0.498341 0.042565 0.088963
0 0.163106 0.467970 0.027393 0.092626
0 0.529049 0.595502 0.075550 0.152302
0 0.636882 0.636942 0.077914 0.137922
0 0.112713 0.720178 0.081417 0.313830
0 0.193556 0.442142 0.030894 0.113620
0 0.239962 0.619012 0.074541 0.232468
0 0.068606 0.576492 0.046539 0.137765
0 0.023664 0.582201 0.047326 0.133515
0 0.735536 0.607130 0.082984 0.143737