0 0.513262 0.477139 0.020276 0.038257
0 0.158385 0.592372 0.085683 0.180338
0 0.647858 0.590964 0.061421 0.095351
0 0.487818 0.440776 0.037629 0.110840
0 0.371283 0.408367 0.014640 0.024303
0 0.329511 0.429701 0.020553 0.034689
0 0.608218 0.479008 0.030132 0.061142
0 0.344249 0.505003 0.041565 0.158771
0 0.646245 0.607730 0.059739 0.072410
0 0.582467 0.583940 0.060820 0.103583
0 0.254410 0.446061 0.037898 0.109126
0 0.552730 0.434894 0.028670 0.046540
0 0.577208 0.478278 0.039592 0.064193
0 0.222121 0.628899 0.087213 0.229090
0 0.480325 0.417525 0.025070 0.101583
0 0.667615 0.475438 0.035070 0.050819
0 0.538529 0.603210 0.101037 0.136881
0 0.225137 0.479737 0.033797 0.052242
0 0.111610 0.734909 0.078159 0.294963
0 0.349792 0.409977 0.027173 0.079215
0 0.079137 0.580772 0.073308 0.137028
0 0.024091 0.583366 0.048152 0.131144
0 0.293551 0.427726 0.026907 0.091622
0 0.390503 0.451602 0.036901 0.150389
0 0.190330 0.501814 0.042051 0.089076
0 0.737545 0.605568 0.085731 0.120419
0 0.589213 0.425656 0.018999 0.029155
0 0.299684 0.440962 0.013217 0.018950