0 0.478791 0.400834 0.014095 0.046098
0 0.516393 0.431548 0.021835 0.030581
0 0.386800 0.429975 0.031549 0.047919
0 0.646905 0.615431 0.059443 0.057279
0 0.485280 0.458299 0.044699 0.149468
0 0.683612 0.485004 0.025759 0.040287
0 0.207080 0.493903 0.039997 0.065872
0 0.341183 0.500998 0.037154 0.155899
0 0.616267 0.478032 0.036874 0.063014
0 0.076836 0.522123 0.040193 0.071546
0 0.560288 0.434698 0.021468 0.047689
0 0.593585 0.587790 0.054830 0.236846
0 0.112020 0.722666 0.077661 0.315560
0 0.167607 0.624574 0.080882 0.234723
0 0.234466 0.627754 0.076480 0.211667
0 0.644692 0.566006 0.054453 0.132283
0 0.075323 0.574596 0.055528 0.124752
0 0.165116 0.496936 0.049475 0.081826
0 0.551601 0.560381 0.071679 0.228662
0 0.023038 0.582185 0.046050 0.132925
0 0.358528 0.387438 0.028251 0.065269
0 0.738416 0.614558 0.080225 0.128440