0 0.378698 0.459108 0.034201 0.135082
0 0.498182 0.442220 0.036940 0.106891
0 0.607147 0.479128 0.032549 0.063848
0 0.227676 0.480557 0.034800 0.047962
0 0.349481 0.494391 0.039826 0.136163
0 0.075576 0.540668 0.046475 0.106689
0 0.668777 0.480729 0.039904 0.047995
0 0.591166 0.607306 0.059000 0.148133
0 0.553104 0.435378 0.027393 0.047447
0 0.480394 0.419400 0.024985 0.107074
0 0.350514 0.419024 0.027880 0.076107
0 0.575948 0.479526 0.035741 0.061175
0 0.639041 0.563890 0.059692 0.123962
0 0.531137 0.603848 0.090980 0.137018
0 0.167079 0.623323 0.101042 0.233805
0 0.634645 0.641551 0.082432 0.144742
0 0.293717 0.427030 0.025928 0.091394
0 0.155272 0.506457 0.055182 0.104826
0 0.396947 0.456814 0.039763 0.173662
0 0.738442 0.605474 0.085972 0.118448
0 0.085741 0.579857 0.066498 0.139799
0 0.022882 0.583522 0.045718 0.131598
0 0.224384 0.628350 0.084579 0.231801
0 0.111268 0.736881 0.080126 0.297534
0 0.585083 0.429300 0.015695 0.036443
0 0.300097 0.440233 0.010739 0.017493