0 0.371676 0.408359 0.014984 0.026361
0 0.210663 0.499886 0.035127 0.076184
0 0.669586 0.481250 0.040380 0.048535
0 0.342541 0.493270 0.045232 0.150686
0 0.612359 0.480640 0.037088 0.067805
0 0.474814 0.410671 0.032784 0.089906
0 0.484076 0.471179 0.041637 0.141114
0 0.165797 0.605738 0.102140 0.205257
0 0.557684 0.464582 0.048816 0.137990
0 0.088835 0.575951 0.077671 0.131345
0 0.114008 0.732525 0.080500 0.307471
0 0.051032 0.815934 0.102063 0.364454
0 0.180974 0.497868 0.041801 0.089452
0 0.022560 0.582795 0.045110 0.131453
0 0.340087 0.383967 0.024692 0.069082
0 0.523665 0.595308 0.070223 0.138261
0 0.738358 0.601036 0.083386 0.144886
0 0.261706 0.418243 0.033600 0.061439
0 0.580724 0.586670 0.065151 0.238850
0 0.648005 0.570638 0.060363 0.143494
0 0.234338 0.603629 0.078151 0.200221
0 0.390999 0.454329 0.035422 0.144094