0 0.515440 0.430013 0.019777 0.034998
0 0.640937 0.604237 0.061762 0.081793
0 0.272180 0.435921 0.016322 0.027632
0 0.613185 0.426566 0.018991 0.032815
0 0.343773 0.492107 0.040813 0.150428
0 0.543298 0.439765 0.040250 0.051395
0 0.075965 0.524811 0.040143 0.078634
0 0.671600 0.478358 0.037907 0.053446
0 0.417030 0.428045 0.031322 0.148349
0 0.354396 0.422738 0.027000 0.104640
0 0.180981 0.625351 0.115390 0.239012
0 0.486973 0.405224 0.032113 0.084323
0 0.472646 0.467730 0.041025 0.156903
0 0.106850 0.759794 0.079453 0.334204
0 0.242709 0.627452 0.079063 0.226096
0 0.581914 0.622355 0.066385 0.164445
0 0.084049 0.576072 0.073380 0.124675
0 0.734759 0.604282 0.087853 0.120899
0 0.023020 0.583513 0.046040 0.130987
0 0.293140 0.424312 0.027805 0.084866
0 0.529350 0.598374 0.058197 0.136035
0 0.415271 0.443889 0.029873 0.158127
0 0.150124 0.472785 0.062799 0.106370
0 0.389851 0.450898 0.031460 0.145286
0 0.122147 0.426675 0.028371 0.077390
0 0.186876 0.443384 0.034047 0.126242
0 0.453525 0.471250 0.034804 0.172101
0 0.585496 0.483236 0.034694 0.051020
0 0.588387 0.429300 0.015695 0.027697
0 0.302162 0.443878 0.011565 0.016035