0 0.683095 0.483620 0.025275 0.042882
0 0.569520 0.469523 0.023746 0.054653
0 0.582203 0.412020 0.013637 0.023099
0 0.585718 0.435123 0.017262 0.030746
0 0.646255 0.615069 0.059111 0.057513
0 0.272417 0.437150 0.014622 0.022886
0 0.386002 0.428983 0.036563 0.051418
0 0.508782 0.477971 0.021535 0.036719
0 0.485790 0.393884 0.025876 0.054563
0 0.169076 0.626552 0.099040 0.241245
0 0.482774 0.473156 0.047150 0.174009
0 0.344783 0.407574 0.013525 0.021634
0 0.613643 0.479732 0.034248 0.067344
0 0.556016 0.434542 0.019044 0.046813
0 0.084252 0.538680 0.030868 0.101266
0 0.207838 0.495728 0.038548 0.064614
0 0.205762 0.671772 0.077338 0.225273
0 0.528037 0.449005 0.037062 0.113504
0 0.647305 0.567650 0.074468 0.138083
0 0.583694 0.585117 0.062592 0.214619
0 0.237580 0.623361 0.069831 0.216961
0 0.520787 0.591173 0.068797 0.140566
0 0.168314 0.493652 0.046961 0.066641
0 0.112557 0.720460 0.079084 0.311494
0 0.063922 0.576181 0.050746 0.137902
0 0.023499 0.582431 0.046973 0.133096
0 0.735466 0.610301 0.081681 0.124094