0 0.545130 0.435507 0.037917 0.048525
0 0.579584 0.605696 0.065613 0.128755
0 0.483592 0.390939 0.023566 0.052306
0 0.615623 0.480564 0.033925 0.062683
0 0.588064 0.483708 0.036210 0.056329
0 0.139154 0.450409 0.050161 0.119955
0 0.669556 0.477732 0.042152 0.054555
0 0.290202 0.411327 0.024024 0.058172
0 0.512052 0.477351 0.023322 0.041029
0 0.485655 0.418655 0.022753 0.074454
0 0.156379 0.599687 0.076795 0.192618
0 0.562393 0.464107 0.042446 0.072915
0 0.075457 0.525603 0.041537 0.080117
0 0.355068 0.426525 0.028647 0.100436
0 0.367160 0.384984 0.022658 0.065601
0 0.635918 0.636974 0.069523 0.144663
0 0.520882 0.594600 0.066997 0.141699
0 0.188209 0.447144 0.035842 0.129752
0 0.467009 0.468110 0.034946 0.197278
0 0.234249 0.629345 0.099160 0.226870
0 0.391167 0.448692 0.036428 0.144413
0 0.074158 0.583955 0.056436 0.140970
0 0.119598 0.731116 0.090322 0.297690
0 0.023032 0.583925 0.046063 0.130299
0 0.433982 0.505571 0.053480 0.255086
0 0.734801 0.612071 0.081464 0.122432
0 0.319239 0.558831 0.085220 0.272047