0 0.297221 0.437818 0.022172 0.030425
0 0.083774 0.526350 0.028267 0.076878
0 0.505754 0.480327 0.019865 0.029396
0 0.486169 0.402798 0.026009 0.068173
0 0.386639 0.429820 0.035395 0.051170
0 0.344699 0.408685 0.012916 0.019641
0 0.558528 0.480014 0.025158 0.053396
0 0.615113 0.478663 0.031549 0.063084
0 0.271009 0.437020 0.014387 0.022024
0 0.593821 0.434706 0.021824 0.038665
0 0.637834 0.650262 0.078987 0.121481
0 0.557068 0.436197 0.022100 0.042823
0 0.211598 0.489726 0.044658 0.063470
0 0.596664 0.481438 0.031875 0.061162
0 0.683488 0.484924 0.026108 0.041292
0 0.643446 0.568808 0.084161 0.139651
0 0.521988 0.595934 0.067959 0.147310
0 0.323584 0.387770 0.027002 0.059252
0 0.578173 0.587814 0.063698 0.239105
0 0.235242 0.626033 0.075588 0.212727
0 0.112060 0.721911 0.078988 0.314132
0 0.023505 0.582034 0.046987 0.133276
0 0.167834 0.504292 0.048510 0.099093
0 0.460982 0.543744 0.077931 0.230485
0 0.176216 0.630673 0.073492 0.225227
0 0.067370 0.576223 0.044366 0.138657
0 0.738132 0.612868 0.079637 0.126153