0 0.487229 0.424768 0.032509 0.082274
0 0.300980 0.487698 0.033899 0.116413
0 0.653913 0.616835 0.039457 0.053002
0 0.385560 0.422654 0.032345 0.057993
0 0.683668 0.485003 0.025805 0.040609
0 0.335180 0.496652 0.043838 0.162117
0 0.580302 0.453831 0.023070 0.039558
0 0.592378 0.483566 0.033411 0.056908
0 0.525855 0.577663 0.041865 0.111709
0 0.557511 0.436552 0.021230 0.044364
0 0.207594 0.494821 0.039444 0.068546
0 0.076511 0.521698 0.039969 0.072100
0 0.611417 0.475017 0.030156 0.076071
0 0.167135 0.498809 0.047657 0.087906
0 0.575341 0.588990 0.067884 0.235231
0 0.070724 0.575710 0.057143 0.124663
0 0.483799 0.546679 0.056408 0.224978
0 0.164740 0.622819 0.085062 0.242118
0 0.637728 0.567619 0.066941 0.137384
0 0.022870 0.582673 0.045739 0.132273
0 0.112620 0.719457 0.078337 0.320968
0 0.234601 0.626519 0.076147 0.214153
0 0.737593 0.612885 0.079674 0.125889