0 0.157545 0.601317 0.077428 0.191763
0 0.400520 0.376112 0.013703 0.044750
0 0.484921 0.476875 0.047496 0.182986
0 0.578751 0.476881 0.031470 0.067645
0 0.617118 0.495061 0.025787 0.044500
0 0.190706 0.440729 0.030593 0.116000
0 0.521459 0.478599 0.019977 0.035472
0 0.554834 0.433553 0.025787 0.048792
0 0.358030 0.425122 0.028442 0.110145
0 0.513760 0.596276 0.048416 0.121679
0 0.288382 0.416686 0.036338 0.077119
0 0.341886 0.497030 0.042623 0.161656
0 0.673118 0.472216 0.031851 0.055770
0 0.636482 0.636459 0.069528 0.144406
0 0.232952 0.628565 0.102176 0.236879
0 0.110091 0.747934 0.078338 0.320806
0 0.411609 0.443254 0.026823 0.156241
0 0.557914 0.565632 0.080264 0.215481
0 0.083793 0.582078 0.072829 0.132284
0 0.390066 0.452312 0.031440 0.145815
0 0.022961 0.583381 0.045918 0.131133
0 0.738222 0.614732 0.084710 0.131968
0 0.429677 0.472669 0.042169 0.204652
0 0.178589 0.449629 0.043803 0.151685
0 0.133607 0.447513 0.044361 0.114654