0 0.305131 0.441096 0.014802 0.023171
0 0.582281 0.411714 0.013567 0.026818
0 0.387568 0.431895 0.036355 0.049868
0 0.338506 0.501049 0.036607 0.152586
0 0.294414 0.437919 0.015388 0.029938
0 0.581929 0.480879 0.031362 0.060819
0 0.479960 0.396709 0.015467 0.045922
0 0.343677 0.408933 0.012877 0.019697
0 0.215553 0.485228 0.024577 0.045889
0 0.270629 0.437929 0.014942 0.021785
0 0.485896 0.508773 0.051219 0.115598
0 0.480550 0.459173 0.046038 0.144182
0 0.496272 0.391711 0.016055 0.043837
0 0.588926 0.433253 0.018352 0.033381
0 0.683021 0.483544 0.025479 0.043400
0 0.647944 0.616655 0.059066 0.054605
0 0.613387 0.480450 0.035136 0.064957
0 0.084686 0.534093 0.028990 0.093020
0 0.556924 0.434740 0.021736 0.046906
0 0.163868 0.500581 0.035795 0.082303
0 0.251968 0.645317 0.046795 0.176047
0 0.641388 0.569510 0.087859 0.141873
0 0.515419 0.588898 0.058486 0.134346
0 0.112438 0.720876 0.079474 0.313567
0 0.565442 0.570633 0.068044 0.198490
0 0.153817 0.623282 0.070818 0.243835
0 0.023795 0.582543 0.047590 0.133213
0 0.735625 0.611657 0.083388 0.121666
0 0.176736 0.448376 0.029183 0.108347
0 0.065860 0.575695 0.048780 0.140801