0 0.487573 0.440100 0.032095 0.108289
0 0.166453 0.406923 0.019450 0.062624
0 0.081496 0.528321 0.042431 0.086610
0 0.549712 0.435815 0.030413 0.044527
0 0.278843 0.421620 0.027842 0.082513
0 0.390036 0.449863 0.028993 0.143179
0 0.412295 0.391454 0.030022 0.051909
0 0.590867 0.478091 0.036444 0.069411
0 0.157101 0.607277 0.081107 0.198972
0 0.673029 0.473366 0.032892 0.059574
0 0.344922 0.496756 0.045979 0.160074
0 0.636101 0.637166 0.069448 0.144900
0 0.354622 0.419024 0.026293 0.097456
0 0.409374 0.440394 0.039569 0.137778
0 0.235072 0.633719 0.095581 0.220984
0 0.109967 0.747144 0.079165 0.317547
0 0.582492 0.621658 0.063736 0.164992
0 0.463108 0.437693 0.028362 0.157223
0 0.420369 0.595618 0.074065 0.316081
0 0.521508 0.603040 0.063317 0.138101
0 0.023852 0.583689 0.047673 0.130292
0 0.082266 0.581017 0.070804 0.136949
0 0.182342 0.453411 0.045640 0.142793
0 0.738040 0.620157 0.084533 0.122838