0 0.589062 0.579318 0.061483 0.116379
0 0.374315 0.457147 0.029838 0.122253
0 0.510540 0.479934 0.020615 0.032010
0 0.266552 0.435604 0.024224 0.027329
0 0.346048 0.492329 0.042676 0.141228
0 0.669471 0.481186 0.040195 0.046783
0 0.481640 0.464097 0.044889 0.152703
0 0.231649 0.478471 0.035936 0.050221
0 0.571933 0.475292 0.055289 0.068753
0 0.482218 0.423541 0.031692 0.106175
0 0.342671 0.419475 0.037550 0.070971
0 0.642704 0.564325 0.055578 0.127854
0 0.208524 0.449951 0.038352 0.108081
0 0.605138 0.386249 0.023354 0.073763
0 0.391890 0.452110 0.033857 0.147646
0 0.635202 0.641127 0.074533 0.131378
0 0.119122 0.730103 0.091172 0.302526
0 0.019633 0.582982 0.039192 0.132120
0 0.295594 0.425277 0.037428 0.087186
0 0.232869 0.617172 0.077402 0.194146
0 0.740555 0.620293 0.085254 0.124928
0 0.524804 0.597955 0.072921 0.142867
0 0.173464 0.630195 0.088614 0.366379
0 0.064235 0.576530 0.061095 0.131532