0 0.645049 0.509768 0.060196 0.099764
0 0.303593 0.438906 0.015711 0.028298
0 0.605225 0.454546 0.038943 0.109659
0 0.369938 0.482481 0.029554 0.132173
0 0.268816 0.436662 0.015027 0.022978
0 0.553260 0.442331 0.042817 0.128641
0 0.595852 0.480250 0.033804 0.064946
0 0.647388 0.567426 0.048953 0.133062
0 0.511784 0.386292 0.032330 0.057257
0 0.461785 0.406128 0.026254 0.081617
0 0.511814 0.439428 0.045152 0.112327
0 0.589773 0.596935 0.077063 0.136744
0 0.635423 0.637427 0.068851 0.145003
0 0.389370 0.458987 0.033837 0.125890
0 0.512397 0.608203 0.088999 0.126108
0 0.290776 0.424964 0.024778 0.084909
0 0.471439 0.519663 0.048518 0.269042
0 0.155754 0.497224 0.037311 0.095487
0 0.115996 0.732747 0.086834 0.298830
0 0.024230 0.579728 0.048431 0.138761
0 0.237542 0.628740 0.057948 0.217179
0 0.191899 0.624799 0.081019 0.335794
0 0.727828 0.605105 0.073941 0.154340
0 0.421443 0.434859 0.028391 0.164411