0 0.598822 0.432516 0.015593 0.021390
0 0.384201 0.438363 0.046095 0.152785
0 0.584606 0.434988 0.016817 0.027654
0 0.227458 0.479821 0.037652 0.054293
0 0.584279 0.413052 0.013812 0.021470
0 0.085392 0.539300 0.034203 0.101186
0 0.563871 0.471295 0.026935 0.060648
0 0.597678 0.484404 0.035021 0.059950
0 0.310113 0.407282 0.013916 0.021952
0 0.346289 0.407256 0.013291 0.022407
0 0.670197 0.480883 0.039415 0.048566
0 0.521099 0.609032 0.074244 0.131013
0 0.613708 0.480229 0.034145 0.063311
0 0.520594 0.507967 0.046837 0.093357
0 0.484462 0.467022 0.038103 0.163432
0 0.574578 0.566814 0.055006 0.197144
0 0.165302 0.604904 0.099447 0.204407
0 0.558582 0.429782 0.018255 0.034925
0 0.647007 0.570927 0.059332 0.137309
0 0.344912 0.502664 0.043467 0.162904
0 0.428241 0.459971 0.026279 0.171521
0 0.022918 0.583547 0.045836 0.130517
0 0.610562 0.628020 0.076447 0.172265
0 0.509122 0.443059 0.049581 0.109586
0 0.067703 0.574795 0.045000 0.128564
0 0.725030 0.585680 0.081965 0.113061
0 0.119069 0.729621 0.090855 0.299969
0 0.382023 0.484094 0.048335 0.205705
0 0.229535 0.603747 0.079602 0.207734
0 0.182116 0.500136 0.042877 0.092450
0 0.518835 0.382661 0.019975 0.059363