0 0.497629 0.387440 0.015452 0.032995
0 0.229910 0.478343 0.038669 0.057096
0 0.499185 0.436403 0.047440 0.107901
0 0.607752 0.427001 0.019249 0.034523
0 0.744580 0.599857 0.078960 0.085102
0 0.416061 0.459309 0.028771 0.148576
0 0.615173 0.479987 0.033097 0.067046
0 0.086539 0.526493 0.029871 0.076241
0 0.308336 0.407775 0.013734 0.022967
0 0.344193 0.407944 0.014502 0.024041
0 0.568141 0.476738 0.028000 0.053602
0 0.556960 0.434643 0.021547 0.040901
0 0.520224 0.509831 0.049023 0.100153
0 0.683734 0.484843 0.026864 0.042354
0 0.072893 0.603092 0.036672 0.102042
0 0.471708 0.479215 0.044756 0.179330
0 0.348396 0.502699 0.041536 0.160170
0 0.179888 0.569698 0.048442 0.224862
0 0.375966 0.388943 0.021685 0.060024
0 0.063174 0.575664 0.049727 0.123147
0 0.022818 0.581723 0.045508 0.134805
0 0.520628 0.618857 0.096334 0.107513
0 0.592265 0.570259 0.062573 0.200957
0 0.400176 0.458959 0.041797 0.161207
0 0.642392 0.570039 0.060313 0.143335
0 0.133861 0.722924 0.117947 0.303818
0 0.232511 0.621099 0.079043 0.230502
0 0.437476 0.503354 0.043026 0.216900