0 0.558197 0.429194 0.023028 0.035324
0 0.626297 0.472043 0.027996 0.056102
0 0.523125 0.500118 0.041616 0.083289
0 0.566405 0.472092 0.035393 0.067409
0 0.347396 0.503746 0.045837 0.158511
0 0.581214 0.622902 0.063977 0.164769
0 0.598341 0.479223 0.037971 0.065454
0 0.074443 0.529559 0.046880 0.083395
0 0.175443 0.623143 0.111347 0.237240
0 0.676011 0.471876 0.027610 0.057081
0 0.635816 0.631195 0.069170 0.123478
0 0.241887 0.625791 0.081876 0.219009
0 0.521785 0.601179 0.064240 0.135746
0 0.217434 0.493540 0.046955 0.091472
0 0.351405 0.414700 0.037580 0.088127
0 0.112314 0.736095 0.080415 0.295482
0 0.466147 0.444117 0.029411 0.169036
0 0.082319 0.580285 0.079345 0.134240
0 0.389936 0.450024 0.031933 0.147119
0 0.414170 0.474074 0.036647 0.181763
0 0.190405 0.491784 0.035788 0.087354
0 0.294606 0.426139 0.027281 0.088339
0 0.735014 0.615864 0.087013 0.136709
0 0.436221 0.452959 0.035395 0.176277
0 0.023315 0.581448 0.046568 0.133806
0 0.530809 0.381713 0.025767 0.065731
0 0.182029 0.419608 0.048929 0.089692