0 0.579957 0.606376 0.064284 0.129429
0 0.566126 0.462892 0.032079 0.070858
0 0.356265 0.403663 0.025164 0.064223
0 0.614954 0.479035 0.034954 0.064814
0 0.511919 0.478298 0.023942 0.040092
0 0.334061 0.497068 0.032260 0.155311
0 0.586837 0.483076 0.036902 0.057384
0 0.485994 0.424957 0.023896 0.089420
0 0.668912 0.477579 0.042606 0.056543
0 0.296938 0.427083 0.028561 0.086674
0 0.140562 0.568635 0.046944 0.130824
0 0.504192 0.442655 0.047397 0.105640
0 0.368236 0.379271 0.022502 0.059411
0 0.394453 0.422238 0.030625 0.093329
0 0.635325 0.637767 0.070272 0.144378
0 0.519099 0.592921 0.068256 0.141701
0 0.465725 0.469279 0.037193 0.195112
0 0.753171 0.594050 0.083381 0.100907
0 0.119332 0.721666 0.091571 0.285979
0 0.183550 0.640432 0.079108 0.318995
0 0.022781 0.583514 0.045502 0.130305
0 0.075766 0.540182 0.044813 0.108221
0 0.254381 0.621742 0.100808 0.318369
0 0.182469 0.443152 0.042104 0.115391
0 0.381385 0.569556 0.085656 0.335563
0 0.611103 0.424927 0.018173 0.036443
0 0.589213 0.438047 0.017347 0.033528