0 0.369795 0.447058 0.027244 0.065518
0 0.302788 0.438857 0.015104 0.027723
0 0.336425 0.494686 0.048138 0.163471
0 0.586785 0.603164 0.062275 0.138510
0 0.231438 0.477244 0.033640 0.051226
0 0.618885 0.476489 0.025850 0.070356
0 0.252131 0.444089 0.053140 0.125375
0 0.509145 0.478375 0.024455 0.036536
0 0.635341 0.638361 0.068560 0.144447
0 0.596115 0.478977 0.031091 0.065159
0 0.521592 0.596678 0.073786 0.146500
0 0.490691 0.424388 0.028745 0.079768
0 0.570949 0.381478 0.022177 0.059566
0 0.511568 0.385121 0.027919 0.050154
0 0.175993 0.625595 0.115605 0.336309
0 0.291805 0.424567 0.024635 0.084539
0 0.023070 0.590638 0.046094 0.115976
0 0.466565 0.535997 0.053483 0.220933
0 0.109718 0.731270 0.076910 0.299917
0 0.233866 0.626452 0.063935 0.213634
0 0.440322 0.456458 0.030725 0.191885
0 0.547588 0.453706 0.040663 0.148971
0 0.393747 0.450893 0.032214 0.146305
0 0.729627 0.598462 0.080982 0.142145
0 0.063113 0.549085 0.055714 0.106895
0 0.511565 0.441691 0.037172 0.096210