0 0.617134 0.426797 0.028032 0.040608
0 0.491990 0.414675 0.024104 0.057080
0 0.566889 0.478487 0.031468 0.062204
0 0.554707 0.437016 0.024902 0.044422
0 0.396134 0.417815 0.031167 0.073164
0 0.343505 0.407546 0.014404 0.025500
0 0.475455 0.452003 0.048914 0.103801
0 0.507683 0.480055 0.019279 0.033118
0 0.227278 0.477842 0.044988 0.057998
0 0.074354 0.600877 0.036604 0.093702
0 0.309520 0.407804 0.012599 0.021095
0 0.503407 0.391014 0.020524 0.046793
0 0.683719 0.485141 0.026310 0.041256
0 0.382829 0.391552 0.027972 0.057409
0 0.086270 0.521657 0.029236 0.075462
0 0.133621 0.702453 0.117788 0.281413
0 0.180018 0.568018 0.048016 0.228995
0 0.062425 0.571462 0.035758 0.128525
0 0.746468 0.602412 0.074679 0.079844
0 0.643077 0.570309 0.058159 0.142143
0 0.035876 0.570529 0.047458 0.144116
0 0.231181 0.620792 0.074450 0.226830
0 0.529773 0.594983 0.075679 0.146526
0 0.592181 0.585676 0.062916 0.238795
0 0.294306 0.702449 0.082554 0.447546
0 0.411053 0.555011 0.068824 0.267877