0 0.229779 0.478410 0.039138 0.056419
0 0.601301 0.428967 0.018637 0.028965
0 0.375569 0.389500 0.024376 0.061114
0 0.586820 0.431866 0.019813 0.033913
0 0.584000 0.414287 0.013535 0.020471
0 0.514708 0.442962 0.025459 0.048308
0 0.355207 0.416951 0.035876 0.096414
0 0.510560 0.479211 0.021113 0.034588
0 0.396306 0.417770 0.030237 0.083033
0 0.421437 0.436479 0.024757 0.119175
0 0.487350 0.398608 0.027584 0.058879
0 0.309929 0.408452 0.013565 0.022807
0 0.683718 0.485341 0.026793 0.041286
0 0.085000 0.534050 0.030226 0.091010
0 0.614392 0.479981 0.033132 0.066006
0 0.556642 0.493941 0.041696 0.090466
0 0.346157 0.502595 0.044588 0.163656
0 0.559151 0.431236 0.020948 0.038984
0 0.742286 0.616919 0.084648 0.126617
0 0.166804 0.607283 0.109511 0.209859
0 0.023050 0.582945 0.046099 0.132028
0 0.522654 0.608450 0.072325 0.132872
0 0.113820 0.743690 0.090295 0.340030
0 0.488171 0.438388 0.029733 0.112594
0 0.230351 0.604935 0.079800 0.206100
0 0.415626 0.558746 0.062349 0.281394
0 0.589314 0.579085 0.069625 0.226089
0 0.463355 0.514014 0.037099 0.249828
0 0.646661 0.571851 0.059953 0.140458
0 0.067468 0.573965 0.044425 0.128739
0 0.180691 0.504750 0.044759 0.097444