0 0.605555 0.482819 0.049699 0.066529
0 0.268475 0.436404 0.014824 0.022517
0 0.584398 0.413813 0.013420 0.020251
0 0.300950 0.443084 0.013824 0.020981
0 0.382576 0.379421 0.013213 0.029895
0 0.157553 0.594138 0.083323 0.184254
0 0.084302 0.540700 0.030891 0.104939
0 0.510138 0.478548 0.021405 0.034801
0 0.582826 0.434322 0.015916 0.026868
0 0.301491 0.489757 0.031799 0.113295
0 0.346865 0.408180 0.014272 0.023890
0 0.487869 0.440777 0.036401 0.110606
0 0.558185 0.434939 0.019672 0.041709
0 0.604920 0.430028 0.017678 0.031149
0 0.343471 0.504767 0.042384 0.158158
0 0.305892 0.407185 0.011503 0.022968
0 0.669992 0.481526 0.040542 0.047426
0 0.392887 0.442657 0.027325 0.129459
0 0.637567 0.627702 0.076250 0.168801
0 0.222307 0.481650 0.044875 0.057261
0 0.651868 0.562421 0.050683 0.120472
0 0.118717 0.725172 0.086994 0.309729
0 0.603920 0.584608 0.060721 0.235939
0 0.022858 0.583400 0.045703 0.131152
0 0.526302 0.597185 0.071257 0.147722
0 0.560566 0.479678 0.050841 0.071932
0 0.067406 0.577043 0.048708 0.128472
0 0.233773 0.605338 0.078788 0.204363
0 0.452502 0.469461 0.037896 0.184932
0 0.182760 0.498756 0.039987 0.086199
0 0.731148 0.598296 0.091348 0.131733
0 0.511978 0.454082 0.041302 0.094752
0 0.385180 0.482507 0.047085 0.206997