0 0.597198 0.434223 0.018869 0.032864
0 0.487315 0.436781 0.032733 0.106899
0 0.374201 0.428778 0.026541 0.066283
0 0.157050 0.619451 0.088535 0.235932
0 0.346293 0.493459 0.036676 0.139564
0 0.558420 0.436041 0.023595 0.044950
0 0.230698 0.478483 0.033103 0.050858
0 0.607503 0.479450 0.031129 0.061606
0 0.343937 0.417205 0.029838 0.061900
0 0.669853 0.481778 0.040646 0.046756
0 0.576952 0.477818 0.034788 0.064178
0 0.636437 0.646244 0.083472 0.150458
0 0.394945 0.450994 0.032199 0.145229
0 0.590138 0.601546 0.060858 0.131895
0 0.174090 0.503801 0.059452 0.106425
0 0.513927 0.444202 0.046274 0.099720
0 0.642700 0.563744 0.064735 0.121920
0 0.524022 0.603940 0.081550 0.135505
0 0.296969 0.427396 0.037836 0.090474
0 0.533967 0.382519 0.021513 0.066659
0 0.023676 0.582194 0.047353 0.132476
0 0.074103 0.572772 0.057843 0.138701
0 0.211993 0.446798 0.039434 0.102575
0 0.118288 0.729582 0.089786 0.303189
0 0.231518 0.628296 0.094360 0.215536
0 0.740049 0.616584 0.083959 0.130108