0 0.368204 0.458601 0.042458 0.179545
0 0.557755 0.433492 0.026691 0.041987
0 0.487401 0.417060 0.028948 0.087365
0 0.576988 0.482691 0.056378 0.058298
0 0.154265 0.639405 0.077773 0.224814
0 0.244405 0.426644 0.037729 0.054492
0 0.081395 0.539766 0.044721 0.105201
0 0.161258 0.509859 0.053336 0.083155
0 0.254418 0.411908 0.021288 0.051849
0 0.292544 0.445159 0.023737 0.049092
0 0.673643 0.478161 0.032348 0.054807
0 0.346560 0.386248 0.022381 0.064196
0 0.113618 0.717889 0.081498 0.304124
0 0.529545 0.594049 0.075177 0.155033
0 0.636529 0.635034 0.076768 0.138602
0 0.015983 0.582312 0.031874 0.132647
0 0.200846 0.442516 0.033759 0.114806
0 0.051263 0.587270 0.052465 0.112063
0 0.240957 0.626468 0.079817 0.208488
0 0.740974 0.567977 0.088845 0.226009