0 0.583304 0.415081 0.013605 0.022526
0 0.485663 0.445630 0.037295 0.115260
0 0.608487 0.463159 0.020956 0.032880
0 0.566371 0.476457 0.025236 0.055420
0 0.586995 0.434391 0.019145 0.032149
0 0.073279 0.573016 0.048764 0.130010
0 0.214623 0.485320 0.029327 0.043046
0 0.274334 0.435409 0.016899 0.025062
0 0.361675 0.397178 0.035985 0.048026
0 0.069608 0.605590 0.040505 0.086244
0 0.586747 0.484007 0.026676 0.056011
0 0.483983 0.411001 0.025209 0.086983
0 0.515785 0.431051 0.021313 0.030890
0 0.342426 0.407724 0.013845 0.023047
0 0.553959 0.436489 0.024248 0.042279
0 0.132957 0.718386 0.119846 0.306955
0 0.161931 0.564140 0.054145 0.211398
0 0.050596 0.531504 0.034698 0.110167
0 0.646277 0.554621 0.051702 0.109911
0 0.310350 0.407861 0.013952 0.022256
0 0.233208 0.623138 0.079039 0.222059
0 0.654818 0.604826 0.061878 0.073369
0 0.398695 0.452180 0.038232 0.148961
0 0.602885 0.588153 0.059015 0.238508
0 0.025601 0.578831 0.051203 0.139163
0 0.683916 0.485344 0.026534 0.041434
0 0.529477 0.595422 0.076278 0.146650
0 0.418028 0.644748 0.059917 0.397981
0 0.743581 0.612457 0.090466 0.125511