0 0.606872 0.479514 0.032424 0.064183
0 0.663251 0.477677 0.027095 0.038838
0 0.371971 0.407593 0.015282 0.028622
0 0.558371 0.433274 0.019890 0.046903
0 0.349120 0.497642 0.040838 0.154298
0 0.480405 0.418292 0.025445 0.104559
0 0.076906 0.530541 0.042453 0.086448
0 0.648905 0.563849 0.058785 0.127247
0 0.502704 0.434996 0.034366 0.098476
0 0.185355 0.493013 0.031640 0.078034
0 0.281073 0.424155 0.030625 0.076906
0 0.597196 0.579534 0.045217 0.119016
0 0.391119 0.452304 0.035106 0.145647
0 0.650819 0.601332 0.050597 0.084137
0 0.162587 0.617642 0.082524 0.242750
0 0.077751 0.576703 0.054771 0.117435
0 0.232995 0.619382 0.078015 0.194859
0 0.022962 0.582633 0.045893 0.130913
0 0.490537 0.562242 0.072241 0.196255
0 0.106936 0.753267 0.082452 0.318029
0 0.561066 0.562882 0.063542 0.218389
0 0.727592 0.602709 0.068694 0.149389