0 0.481190 0.456887 0.044998 0.140980
0 0.346280 0.414755 0.029266 0.066361
0 0.372450 0.426182 0.023001 0.061694
0 0.509891 0.417052 0.029088 0.055700
0 0.632597 0.660978 0.081428 0.126399
0 0.607742 0.478721 0.030803 0.064217
0 0.669975 0.481816 0.040801 0.046378
0 0.560817 0.435367 0.020531 0.048539
0 0.577271 0.478153 0.034408 0.064450
0 0.074990 0.535351 0.039829 0.097442
0 0.593011 0.612049 0.058420 0.145115
0 0.229863 0.477737 0.033418 0.051085
0 0.533696 0.603075 0.094672 0.138955
0 0.156697 0.621392 0.094763 0.235876
0 0.640288 0.564645 0.064275 0.126544
0 0.155845 0.506847 0.050169 0.100559
0 0.585885 0.384532 0.023640 0.070327
0 0.292628 0.426550 0.025593 0.090783
0 0.023154 0.583266 0.046215 0.130733
0 0.393085 0.454265 0.033753 0.156155
0 0.221931 0.448600 0.041180 0.111564
0 0.110172 0.735561 0.076707 0.295561
0 0.222147 0.629433 0.089740 0.231614
0 0.070571 0.578338 0.045697 0.132286
0 0.326647 0.530588 0.054259 0.253662
0 0.739860 0.616525 0.083643 0.133201