0 0.273123 0.436024 0.015275 0.025560
0 0.636278 0.519600 0.042588 0.118343
0 0.369154 0.449948 0.027420 0.062332
0 0.587661 0.609254 0.062457 0.125141
0 0.336022 0.501540 0.048010 0.149996
0 0.658604 0.592478 0.046539 0.091832
0 0.302471 0.438918 0.014900 0.027189
0 0.233571 0.479152 0.035682 0.047975
0 0.511091 0.478354 0.021652 0.036265
0 0.155643 0.483635 0.036818 0.069534
0 0.394734 0.451191 0.030098 0.143940
0 0.596391 0.481177 0.033277 0.062045
0 0.635328 0.637976 0.068522 0.146115
0 0.494321 0.430947 0.023429 0.092328
0 0.611008 0.450698 0.046991 0.116482
0 0.507374 0.393779 0.023150 0.061726
0 0.523077 0.381973 0.022373 0.058213
0 0.521664 0.596179 0.072694 0.148591
0 0.109806 0.731254 0.075034 0.298304
0 0.290819 0.424499 0.024598 0.083666
0 0.028418 0.578712 0.056836 0.137230
0 0.236045 0.626149 0.060980 0.215126
0 0.559905 0.452667 0.053244 0.140184
0 0.181008 0.624575 0.102006 0.339502
0 0.468951 0.526220 0.053179 0.255210
0 0.413119 0.431595 0.030294 0.159262
0 0.729916 0.602186 0.075820 0.145352