0 0.582750 0.610818 0.073683 0.124804
0 0.640318 0.604990 0.061426 0.078250
0 0.618228 0.429206 0.026517 0.036257
0 0.491157 0.428145 0.020356 0.094045
0 0.640617 0.518012 0.051738 0.120318
0 0.363812 0.432324 0.030831 0.101600
0 0.143252 0.566585 0.047463 0.123683
0 0.612105 0.480108 0.030463 0.062991
0 0.584934 0.425372 0.023688 0.049378
0 0.571490 0.472374 0.031756 0.061679
0 0.345525 0.500818 0.045797 0.148716
0 0.521275 0.596395 0.071440 0.147781
0 0.201811 0.499413 0.041805 0.069766
0 0.292226 0.425718 0.028929 0.080206
0 0.483418 0.388664 0.026014 0.064924
0 0.474267 0.476302 0.044538 0.151424
0 0.226231 0.631855 0.079013 0.232759
0 0.391868 0.450178 0.033686 0.150844
0 0.071395 0.544172 0.048827 0.106515
0 0.108430 0.726550 0.075609 0.294629
0 0.019786 0.548886 0.039572 0.208848
0 0.537610 0.462311 0.043532 0.156545
0 0.181757 0.641410 0.107297 0.320187
0 0.440476 0.447136 0.030032 0.165450
0 0.728857 0.611288 0.076964 0.123601
0 0.423439 0.460485 0.036888 0.197193