0 0.603743 0.558728 0.054765 0.176066
0 0.387099 0.429742 0.031075 0.047787
0 0.613810 0.473402 0.028775 0.074087
0 0.558186 0.434616 0.020269 0.049350
0 0.683748 0.484217 0.027070 0.042680
0 0.292419 0.443661 0.027889 0.047860
0 0.739667 0.591076 0.077282 0.098966
0 0.209057 0.500114 0.040780 0.077031
0 0.486099 0.441664 0.035343 0.115332
0 0.650014 0.548205 0.045095 0.097390
0 0.171010 0.626443 0.078807 0.226842
0 0.109464 0.638065 0.070775 0.148673
0 0.510461 0.582806 0.058957 0.124436
0 0.158494 0.503482 0.050332 0.087705
0 0.301566 0.392265 0.033923 0.057802
0 0.234727 0.628080 0.074913 0.208388
0 0.646587 0.604408 0.062884 0.079690
0 0.072198 0.571372 0.047621 0.131881
0 0.561082 0.566718 0.064465 0.213135
0 0.022558 0.581688 0.045009 0.132598