0 0.373411 0.425515 0.020391 0.062126
0 0.480967 0.459753 0.045091 0.130341
0 0.607753 0.423666 0.018256 0.032342
0 0.301659 0.442613 0.014266 0.020472
0 0.533794 0.597839 0.057124 0.142878
0 0.347930 0.489423 0.041463 0.141435
0 0.352627 0.422100 0.030684 0.076391
0 0.213107 0.496602 0.036986 0.067152
0 0.580079 0.475887 0.040975 0.066364
0 0.552224 0.436292 0.028277 0.042450
0 0.588806 0.580363 0.061684 0.118981
0 0.076660 0.531474 0.041727 0.087194
0 0.669540 0.481309 0.040130 0.046183
0 0.480507 0.414429 0.025911 0.094736
0 0.306719 0.414554 0.029356 0.069720
0 0.656599 0.603305 0.051499 0.078214
0 0.393478 0.451539 0.031839 0.146970
0 0.184789 0.490997 0.030648 0.071409
0 0.156971 0.588736 0.071431 0.184640
0 0.232541 0.748488 0.118187 0.498272
0 0.642488 0.568952 0.054308 0.136570
0 0.022480 0.583016 0.044890 0.131281
0 0.077714 0.577274 0.054744 0.116976
0 0.728636 0.584860 0.070061 0.114207
0 0.106286 0.759112 0.081426 0.311686
0 0.485446 0.561561 0.067379 0.194293