0 0.486115 0.444408 0.033057 0.100677
0 0.637627 0.649915 0.077737 0.127064
0 0.388282 0.431040 0.034280 0.051556
0 0.263604 0.437246 0.016341 0.024014
0 0.612920 0.479887 0.036403 0.065480
0 0.558339 0.434223 0.019854 0.048983
0 0.080594 0.535613 0.033598 0.099832
0 0.230017 0.593026 0.057033 0.161653
0 0.212904 0.496694 0.037569 0.072207
0 0.283355 0.758952 0.122394 0.477937
0 0.518673 0.588226 0.053151 0.134829
0 0.169896 0.622010 0.082179 0.235579
0 0.112454 0.721658 0.079685 0.314232
0 0.569085 0.570793 0.072382 0.203083
0 0.170363 0.498218 0.047140 0.084976
0 0.675565 0.538498 0.083206 0.197015
0 0.217025 0.447305 0.039727 0.096382
0 0.735102 0.610166 0.083657 0.122649
0 0.020722 0.582120 0.041341 0.131706
0 0.061651 0.576435 0.058278 0.135809