0 0.083926 0.505167 0.028284 0.031841
0 0.486455 0.442595 0.034548 0.104752
0 0.586736 0.433899 0.019130 0.032215
0 0.347124 0.501000 0.046318 0.163930
0 0.159685 0.608602 0.082143 0.201097
0 0.337048 0.499376 0.039906 0.168928
0 0.509775 0.479241 0.020264 0.033430
0 0.515589 0.431590 0.024417 0.031240
0 0.232705 0.630875 0.069821 0.222065
0 0.483329 0.422753 0.028625 0.098362
0 0.607411 0.479406 0.032148 0.063382
0 0.580862 0.618691 0.063709 0.158777
0 0.391861 0.389343 0.030352 0.058682
0 0.576110 0.479014 0.038618 0.064049
0 0.223076 0.484880 0.036032 0.044755
0 0.554861 0.434754 0.025631 0.046858
0 0.347692 0.410364 0.028403 0.080498
0 0.666204 0.476400 0.035301 0.048161
0 0.523237 0.602240 0.066995 0.138068
0 0.112591 0.736776 0.079356 0.296664
0 0.293529 0.428556 0.026209 0.083509
0 0.634217 0.638305 0.070651 0.149658
0 0.188795 0.501039 0.039244 0.087038
0 0.082073 0.581651 0.076982 0.134509
0 0.390737 0.451104 0.036878 0.149459
0 0.182244 0.435347 0.048695 0.119283
0 0.024239 0.583679 0.048410 0.130395
0 0.734075 0.612883 0.087716 0.142958