0 0.291202 0.437554 0.029406 0.032993
0 0.378535 0.411967 0.012334 0.018511
0 0.586721 0.433799 0.018527 0.032548
0 0.082588 0.501834 0.027949 0.032839
0 0.500947 0.480449 0.021443 0.029539
0 0.607078 0.464324 0.018529 0.034978
0 0.586252 0.567731 0.041991 0.185369
0 0.567622 0.482794 0.025296 0.047987
0 0.482545 0.462819 0.043039 0.144669
0 0.214447 0.487935 0.032607 0.048648
0 0.683728 0.485124 0.026602 0.040779
0 0.344352 0.407553 0.013933 0.026475
0 0.236656 0.624691 0.072200 0.219014
0 0.112119 0.723126 0.078953 0.314366
0 0.539927 0.555708 0.068918 0.235670
0 0.555146 0.435058 0.024571 0.049100
0 0.626730 0.585634 0.093422 0.242980
0 0.483163 0.404865 0.023605 0.076268
0 0.178147 0.627593 0.075405 0.229215
0 0.456471 0.447396 0.034240 0.170124
0 0.023350 0.582263 0.046700 0.133502
0 0.073165 0.573017 0.048629 0.129811
0 0.163180 0.507129 0.049529 0.102429
0 0.737290 0.599653 0.081775 0.160576