0 0.398773 0.384041 0.030227 0.059743
0 0.468533 0.408390 0.029884 0.099163
0 0.486651 0.438886 0.033984 0.112678
0 0.581154 0.603263 0.063639 0.128095
0 0.563105 0.433391 0.024240 0.050772
0 0.347019 0.504375 0.046128 0.158235
0 0.617837 0.427479 0.027722 0.039132
0 0.666059 0.477106 0.037109 0.049805
0 0.226248 0.483110 0.036637 0.048050
0 0.642392 0.608722 0.060595 0.073062
0 0.576740 0.484941 0.037898 0.052400
0 0.348676 0.417065 0.045032 0.095594
0 0.173347 0.624269 0.109399 0.239754
0 0.522557 0.601959 0.066676 0.137398
0 0.075844 0.524727 0.040152 0.078163
0 0.242870 0.626165 0.083529 0.219914
0 0.112391 0.735697 0.080201 0.294391
0 0.573120 0.390666 0.020332 0.058548
0 0.081319 0.580796 0.078931 0.135365
0 0.294149 0.427660 0.026136 0.091257
0 0.390851 0.451284 0.036556 0.148675
0 0.735241 0.615359 0.087465 0.138384
0 0.188300 0.499098 0.041404 0.082803
0 0.022423 0.583798 0.044709 0.130701
0 0.182268 0.437169 0.048814 0.116132