0 0.521081 0.479771 0.027255 0.036477
0 0.617725 0.429555 0.028488 0.035639
0 0.565547 0.468258 0.042823 0.066679
0 0.344631 0.493688 0.043025 0.147704
0 0.651535 0.470607 0.028940 0.055596
0 0.487585 0.425853 0.026289 0.086587
0 0.549574 0.434740 0.029853 0.046110
0 0.586534 0.482573 0.035824 0.059378
0 0.178459 0.625569 0.122356 0.240371
0 0.580586 0.622693 0.065241 0.166014
0 0.361218 0.422389 0.031738 0.101780
0 0.635948 0.637245 0.069208 0.144256
0 0.507569 0.448380 0.052832 0.092867
0 0.244454 0.627438 0.082516 0.224475
0 0.116576 0.747622 0.095121 0.322931
0 0.520859 0.594273 0.065083 0.138763
0 0.074847 0.533003 0.041622 0.094922
0 0.368045 0.383254 0.019050 0.064338
0 0.060000 0.590391 0.053428 0.107584
0 0.292324 0.426546 0.031722 0.076644
0 0.018730 0.584100 0.037350 0.130088
0 0.392233 0.450517 0.034303 0.149999
0 0.734665 0.611869 0.081258 0.126373
0 0.471592 0.439386 0.028282 0.162963
0 0.186369 0.442822 0.036352 0.131176
0 0.122443 0.445797 0.029642 0.114633
0 0.155266 0.457108 0.048065 0.154009
0 0.422927 0.442313 0.033797 0.164068