0 0.340646 0.499949 0.039632 0.165826
0 0.160355 0.602599 0.082869 0.195918
0 0.609369 0.490438 0.028558 0.048936
0 0.237847 0.478341 0.032545 0.050138
0 0.359146 0.435614 0.030709 0.102228
0 0.576238 0.477578 0.035259 0.065083
0 0.553743 0.434788 0.026345 0.049787
0 0.673089 0.472486 0.032122 0.056918
0 0.286809 0.425485 0.036775 0.095331
0 0.237459 0.630237 0.093194 0.231125
0 0.582523 0.610150 0.054959 0.129898
0 0.637304 0.633638 0.070344 0.136886
0 0.523256 0.601924 0.064507 0.136550
0 0.392443 0.386185 0.027648 0.063066
0 0.488028 0.430233 0.030974 0.090130
0 0.472093 0.559401 0.058306 0.194451
0 0.110083 0.747844 0.078628 0.318476
0 0.390969 0.452989 0.033404 0.144092
0 0.083897 0.580323 0.072616 0.131847
0 0.738181 0.614119 0.084591 0.134802
0 0.488072 0.383842 0.022718 0.064736
0 0.023557 0.583844 0.047083 0.129509
0 0.414234 0.441776 0.028851 0.163468
0 0.138043 0.449862 0.053634 0.132702
0 0.182590 0.442643 0.050259 0.133949