0 0.303201 0.439448 0.015814 0.029829
0 0.595081 0.449707 0.040042 0.115165
0 0.534890 0.434650 0.033664 0.121346
0 0.369896 0.479359 0.030210 0.119486
0 0.513436 0.437870 0.053809 0.118641
0 0.597619 0.480197 0.031968 0.063068
0 0.488040 0.432221 0.026565 0.095091
0 0.161912 0.489741 0.037858 0.083461
0 0.572000 0.602993 0.062945 0.139544
0 0.190448 0.627372 0.082646 0.332169
0 0.114202 0.749501 0.087196 0.334875
0 0.684468 0.533541 0.061775 0.200891
0 0.633136 0.640210 0.068152 0.142910
0 0.448272 0.463878 0.038138 0.191566
0 0.520312 0.596259 0.078395 0.134873
0 0.425409 0.430674 0.028300 0.154669
0 0.024594 0.580301 0.049188 0.136833
0 0.726031 0.606154 0.066434 0.145252
0 0.291465 0.418794 0.024482 0.073123
0 0.393824 0.451089 0.030904 0.147333
0 0.288533 0.627301 0.075465 0.365260
0 0.236036 0.624054 0.060053 0.217727