0 0.544173 0.396949 0.018049 0.038344
0 0.147848 0.584822 0.041438 0.147237
0 0.370318 0.465524 0.028401 0.091133
0 0.370359 0.452813 0.027992 0.066009
0 0.601708 0.431100 0.034978 0.081232
0 0.512211 0.478011 0.030871 0.037026
0 0.238213 0.600236 0.056005 0.164312
0 0.207577 0.489582 0.029665 0.040838
0 0.558317 0.444216 0.047032 0.121257
0 0.270591 0.436858 0.014503 0.021855
0 0.303744 0.438880 0.015323 0.027302
0 0.598410 0.480481 0.034728 0.064523
0 0.633974 0.639857 0.068065 0.141833
0 0.151935 0.484310 0.037565 0.066302
0 0.340051 0.500601 0.044316 0.153568
0 0.483183 0.401230 0.029068 0.068884
0 0.725708 0.606288 0.065937 0.142575
0 0.568425 0.603221 0.068932 0.138848
0 0.524094 0.439121 0.029654 0.112115
0 0.497252 0.444356 0.049324 0.113632
0 0.511726 0.585047 0.072075 0.163188
0 0.653128 0.520770 0.065061 0.232071
0 0.024442 0.581255 0.048884 0.135292
0 0.291044 0.426573 0.023238 0.086681
0 0.111317 0.749709 0.079148 0.331960
0 0.394561 0.451542 0.029410 0.147515
0 0.420319 0.432825 0.035074 0.151546