0 0.339744 0.500825 0.040175 0.152984
0 0.505951 0.479410 0.020380 0.032830
0 0.271545 0.436876 0.015555 0.024006
0 0.083954 0.539492 0.030632 0.105966
0 0.157362 0.601776 0.061129 0.169399
0 0.344590 0.408313 0.013615 0.021889
0 0.386572 0.429193 0.035731 0.054008
0 0.486855 0.393801 0.026111 0.054787
0 0.480067 0.463528 0.045053 0.137222
0 0.651262 0.617160 0.036777 0.053171
0 0.567866 0.475550 0.021435 0.057916
0 0.683173 0.483256 0.026596 0.044382
0 0.600296 0.483326 0.028556 0.058185
0 0.208962 0.496421 0.042756 0.066558
0 0.557326 0.435883 0.021881 0.044760
0 0.628790 0.589221 0.067230 0.238863
0 0.305738 0.397143 0.030028 0.053080
0 0.521501 0.595972 0.069890 0.149097
0 0.204030 0.676823 0.078451 0.216275
0 0.575202 0.569537 0.057609 0.205846
0 0.238015 0.625821 0.070360 0.212533
0 0.112466 0.720156 0.080218 0.313031
0 0.166844 0.501405 0.047965 0.094445
0 0.735060 0.608828 0.081813 0.124485
0 0.068016 0.576056 0.047338 0.139193
0 0.022760 0.582362 0.045486 0.133391