0 0.604632 0.431141 0.014402 0.023630
0 0.519349 0.432992 0.014478 0.033183
0 0.213617 0.486875 0.025627 0.044743
0 0.584172 0.415700 0.013948 0.023134
0 0.096349 0.532730 0.082062 0.088892
0 0.345743 0.496016 0.042298 0.156809
0 0.614482 0.478830 0.033204 0.064309
0 0.162853 0.597957 0.090724 0.191619
0 0.586169 0.432254 0.017708 0.033080
0 0.663434 0.478350 0.025580 0.037138
0 0.484976 0.441198 0.029675 0.107814
0 0.522693 0.508279 0.046980 0.090700
0 0.266308 0.437743 0.015956 0.021424
0 0.346167 0.409405 0.012752 0.019858
0 0.510146 0.480072 0.020409 0.033735
0 0.300685 0.443124 0.014065 0.019903
0 0.651309 0.563254 0.052425 0.124243
0 0.377775 0.389275 0.023488 0.058025
0 0.637238 0.627749 0.078419 0.166347
0 0.306978 0.406987 0.013989 0.024456
0 0.070057 0.586513 0.048623 0.109851
0 0.023622 0.583706 0.047189 0.129596
0 0.113661 0.730956 0.083254 0.304704
0 0.467883 0.426252 0.032625 0.129190
0 0.602086 0.581629 0.059244 0.224973
0 0.525074 0.599527 0.073605 0.145844
0 0.553282 0.457598 0.047485 0.131345
0 0.183493 0.500291 0.051411 0.093585
0 0.233812 0.604195 0.077572 0.203077
0 0.253664 0.412836 0.031269 0.071262
0 0.735604 0.601516 0.088282 0.134356
0 0.390377 0.453517 0.034411 0.150350
0 0.432900 0.456252 0.034030 0.168349