0 0.144116 0.579814 0.113584 0.222427
0 0.469134 0.417184 0.021536 0.062281
0 0.507012 0.479299 0.022769 0.034104
0 0.463074 0.402772 0.032745 0.080731
0 0.200922 0.467523 0.033668 0.142636
0 0.134181 0.639416 0.093462 0.341821
0 0.592249 0.440457 0.042295 0.088505
0 0.662061 0.474468 0.025220 0.047692
0 0.596204 0.481491 0.038830 0.061395
0 0.369943 0.483338 0.030726 0.128312
0 0.552061 0.434608 0.029174 0.045758
0 0.508807 0.403659 0.031421 0.073814
0 0.571087 0.602424 0.062811 0.135696
0 0.519108 0.597190 0.074828 0.125287
0 0.290312 0.423624 0.022127 0.083047
0 0.634494 0.639848 0.069132 0.142002
0 0.318011 0.554300 0.057031 0.281170
0 0.518065 0.438883 0.036457 0.114114
0 0.688577 0.533987 0.071759 0.199576
0 0.284807 0.587440 0.075159 0.363769
0 0.143541 0.476183 0.061002 0.161358
0 0.227658 0.584960 0.068054 0.340175
0 0.425165 0.430998 0.028986 0.152056
0 0.124319 0.733842 0.077665 0.357752
0 0.726297 0.601046 0.066368 0.131676
0 0.394255 0.450710 0.030656 0.146309
0 0.024251 0.580529 0.048483 0.136487