0 0.485100 0.394646 0.023818 0.056794
0 0.500868 0.480736 0.021026 0.029685
0 0.591477 0.434320 0.016561 0.030868
0 0.583766 0.419858 0.014386 0.031832
0 0.608459 0.429617 0.017536 0.031969
0 0.082838 0.501791 0.028205 0.032433
0 0.335130 0.497310 0.037392 0.152920
0 0.386678 0.430433 0.037012 0.052804
0 0.487448 0.443466 0.039137 0.114172
0 0.341904 0.407986 0.013800 0.025002
0 0.514948 0.431081 0.024159 0.030922
0 0.279785 0.441969 0.025959 0.049515
0 0.569852 0.473472 0.025719 0.056597
0 0.614978 0.480094 0.033496 0.067097
0 0.111969 0.721582 0.078117 0.311824
0 0.683615 0.485009 0.027051 0.041314
0 0.623994 0.639335 0.077071 0.142489
0 0.212707 0.488586 0.033688 0.053883
0 0.236927 0.623614 0.070948 0.217660
0 0.022831 0.582246 0.045571 0.131838
0 0.646962 0.569028 0.050597 0.138040
0 0.556020 0.436597 0.023431 0.049388
0 0.177724 0.628347 0.074405 0.224680
0 0.594640 0.567221 0.058214 0.184292
0 0.160314 0.507571 0.053565 0.093565
0 0.073119 0.572598 0.048354 0.128798
0 0.440039 0.448482 0.038052 0.169293
0 0.541707 0.558042 0.061495 0.228805
0 0.303755 0.398915 0.029313 0.083072
0 0.737038 0.611003 0.080296 0.128402