0 0.299970 0.441883 0.016954 0.022951
0 0.515321 0.431766 0.024543 0.030415
0 0.486735 0.440332 0.035269 0.114745
0 0.344893 0.408496 0.013084 0.019940
0 0.077295 0.522351 0.040114 0.069879
0 0.210534 0.496799 0.032959 0.073363
0 0.647364 0.616998 0.059099 0.053139
0 0.574073 0.462953 0.021649 0.048418
0 0.614571 0.479036 0.032705 0.062983
0 0.596337 0.482177 0.032508 0.059092
0 0.560717 0.436099 0.017721 0.044429
0 0.386878 0.429207 0.034236 0.052044
0 0.143856 0.564768 0.051282 0.127350
0 0.683596 0.485010 0.026218 0.041319
0 0.113152 0.726259 0.080686 0.314760
0 0.521351 0.596087 0.069593 0.149332
0 0.146781 0.483659 0.028663 0.043960
0 0.439765 0.570135 0.045159 0.293534
0 0.240622 0.624933 0.064813 0.214713
0 0.325539 0.387805 0.026689 0.058755
0 0.071280 0.575925 0.057087 0.121405
0 0.022554 0.581318 0.045093 0.134034
0 0.580069 0.588417 0.064125 0.237528
0 0.646252 0.570110 0.079635 0.139054
0 0.193936 0.743910 0.121860 0.505053
0 0.737830 0.611928 0.080583 0.127417