0 0.491386 0.377242 0.015476 0.023520
0 0.683267 0.483668 0.025510 0.043740
0 0.480126 0.399840 0.016240 0.052728
0 0.590238 0.433559 0.019312 0.035249
0 0.386171 0.429293 0.034232 0.048969
0 0.489068 0.442529 0.040649 0.114556
0 0.637757 0.650383 0.079616 0.123259
0 0.159007 0.603431 0.073298 0.164538
0 0.511890 0.477624 0.020581 0.038568
0 0.296330 0.468691 0.043029 0.156281
0 0.575613 0.476228 0.030892 0.067672
0 0.542749 0.440818 0.041048 0.054138
0 0.082798 0.537290 0.030564 0.103062
0 0.611547 0.480566 0.039096 0.066311
0 0.208781 0.495898 0.040614 0.066394
0 0.514978 0.588582 0.058039 0.134655
0 0.565908 0.571376 0.069911 0.197068
0 0.641594 0.567792 0.088047 0.138849
0 0.238135 0.621454 0.069456 0.217998
0 0.201023 0.673227 0.090988 0.225763
0 0.168836 0.504106 0.048794 0.088066
0 0.112484 0.721458 0.080375 0.312653
0 0.736572 0.612621 0.082145 0.121064
0 0.023672 0.581975 0.047261 0.134063
0 0.064163 0.575534 0.051979 0.139298