0 0.269391 0.436003 0.017244 0.027166
0 0.370064 0.451000 0.029162 0.063374
0 0.667186 0.466031 0.022584 0.042887
0 0.507773 0.478795 0.021309 0.035228
0 0.560054 0.433639 0.023101 0.049727
0 0.595217 0.483600 0.039767 0.060638
0 0.288968 0.426533 0.020982 0.088072
0 0.633886 0.640311 0.068146 0.141896
0 0.617926 0.452013 0.057694 0.116262
0 0.571480 0.602482 0.062799 0.136790
0 0.519157 0.597208 0.074696 0.125310
0 0.541501 0.386042 0.020761 0.066550
0 0.311626 0.561375 0.067507 0.330643
0 0.332364 0.610682 0.073753 0.332843
0 0.160297 0.600012 0.084901 0.201267
0 0.219742 0.599552 0.099635 0.293819
0 0.119527 0.727383 0.088139 0.308543
0 0.525565 0.450133 0.041936 0.123819
0 0.024243 0.579981 0.048485 0.136622
0 0.120580 0.526462 0.063395 0.144930
0 0.208049 0.449629 0.044011 0.104974
0 0.502436 0.425529 0.034716 0.120069
0 0.393476 0.450478 0.030007 0.146597
0 0.154025 0.479538 0.056523 0.157598
0 0.725368 0.605857 0.065231 0.145274
0 0.470011 0.443779 0.032408 0.171210
0 0.423780 0.465745 0.040230 0.202497